{
 "cells": [
  {
   "cell_type": "code",
   "execution_count": 1,
   "metadata": {},
   "outputs": [
    {
     "name": "stderr",
     "output_type": "stream",
     "text": [
      "C:\\Users\\Chris\\Anaconda3\\lib\\site-packages\\statsmodels\\tools\\_testing.py:19: FutureWarning: pandas.util.testing is deprecated. Use the functions in the public API at pandas.testing instead.\n",
      "  import pandas.util.testing as tm\n"
     ]
    }
   ],
   "source": [
    "import pandas as pd\n",
    "import numpy as np\n",
    "import matplotlib.pyplot as plt\n",
    "import seaborn as sns\n",
    "\n",
    "%matplotlib inline"
   ]
  },
  {
   "cell_type": "markdown",
   "metadata": {},
   "source": [
    "## Data Description\n",
    "\n",
    "The columns/variables in this dataset are:  \n",
    "> **Y** = target attribute (Y) with values indicating 0 (unhappy) and 1 (happy) customers  \n",
    "**X1** = my order was delivered on time   \n",
    "**X2** = contents of my order was as I expected  \n",
    "**X3** = I ordered everything I wanted to order  \n",
    "**X4** = I paid a good price for my order   \n",
    "**X5** = I am satisfied with my courier  \n",
    "**X6** = the app makes ordering easy for me   "
   ]
  },
  {
   "cell_type": "code",
   "execution_count": 4,
   "metadata": {},
   "outputs": [
    {
     "data": {
      "text/html": [
       "<div>\n",
       "<style scoped>\n",
       "    .dataframe tbody tr th:only-of-type {\n",
       "        vertical-align: middle;\n",
       "    }\n",
       "\n",
       "    .dataframe tbody tr th {\n",
       "        vertical-align: top;\n",
       "    }\n",
       "\n",
       "    .dataframe thead th {\n",
       "        text-align: right;\n",
       "    }\n",
       "</style>\n",
       "<table border=\"1\" class=\"dataframe\">\n",
       "  <thead>\n",
       "    <tr style=\"text-align: right;\">\n",
       "      <th></th>\n",
       "      <th>Y</th>\n",
       "      <th>X1</th>\n",
       "      <th>X2</th>\n",
       "      <th>X3</th>\n",
       "      <th>X4</th>\n",
       "      <th>X5</th>\n",
       "      <th>X6</th>\n",
       "    </tr>\n",
       "  </thead>\n",
       "  <tbody>\n",
       "    <tr>\n",
       "      <th>0</th>\n",
       "      <td>0</td>\n",
       "      <td>3</td>\n",
       "      <td>3</td>\n",
       "      <td>3</td>\n",
       "      <td>4</td>\n",
       "      <td>2</td>\n",
       "      <td>4</td>\n",
       "    </tr>\n",
       "    <tr>\n",
       "      <th>1</th>\n",
       "      <td>0</td>\n",
       "      <td>3</td>\n",
       "      <td>2</td>\n",
       "      <td>3</td>\n",
       "      <td>5</td>\n",
       "      <td>4</td>\n",
       "      <td>3</td>\n",
       "    </tr>\n",
       "    <tr>\n",
       "      <th>2</th>\n",
       "      <td>1</td>\n",
       "      <td>5</td>\n",
       "      <td>3</td>\n",
       "      <td>3</td>\n",
       "      <td>3</td>\n",
       "      <td>3</td>\n",
       "      <td>5</td>\n",
       "    </tr>\n",
       "    <tr>\n",
       "      <th>3</th>\n",
       "      <td>0</td>\n",
       "      <td>5</td>\n",
       "      <td>4</td>\n",
       "      <td>3</td>\n",
       "      <td>3</td>\n",
       "      <td>3</td>\n",
       "      <td>5</td>\n",
       "    </tr>\n",
       "    <tr>\n",
       "      <th>4</th>\n",
       "      <td>0</td>\n",
       "      <td>5</td>\n",
       "      <td>4</td>\n",
       "      <td>3</td>\n",
       "      <td>3</td>\n",
       "      <td>3</td>\n",
       "      <td>5</td>\n",
       "    </tr>\n",
       "  </tbody>\n",
       "</table>\n",
       "</div>"
      ],
      "text/plain": [
       "   Y  X1  X2  X3  X4  X5  X6\n",
       "0  0   3   3   3   4   2   4\n",
       "1  0   3   2   3   5   4   3\n",
       "2  1   5   3   3   3   3   5\n",
       "3  0   5   4   3   3   3   5\n",
       "4  0   5   4   3   3   3   5"
      ]
     },
     "execution_count": 4,
     "metadata": {},
     "output_type": "execute_result"
    }
   ],
   "source": [
    "df = pd.read_csv('./ACME-HappinessSurvey2020.csv')\n",
    "df.head()"
   ]
  },
  {
   "cell_type": "code",
   "execution_count": 5,
   "metadata": {},
   "outputs": [
    {
     "name": "stdout",
     "output_type": "stream",
     "text": [
      "<class 'pandas.core.frame.DataFrame'>\n",
      "RangeIndex: 126 entries, 0 to 125\n",
      "Data columns (total 7 columns):\n",
      " #   Column  Non-Null Count  Dtype\n",
      "---  ------  --------------  -----\n",
      " 0   Y       126 non-null    int64\n",
      " 1   X1      126 non-null    int64\n",
      " 2   X2      126 non-null    int64\n",
      " 3   X3      126 non-null    int64\n",
      " 4   X4      126 non-null    int64\n",
      " 5   X5      126 non-null    int64\n",
      " 6   X6      126 non-null    int64\n",
      "dtypes: int64(7)\n",
      "memory usage: 7.0 KB\n"
     ]
    }
   ],
   "source": [
    "## checking to see if there are any null values\n",
    "\n",
    "df.info()"
   ]
  },
  {
   "cell_type": "code",
   "execution_count": 6,
   "metadata": {},
   "outputs": [
    {
     "data": {
      "text/html": [
       "<div>\n",
       "<style scoped>\n",
       "    .dataframe tbody tr th:only-of-type {\n",
       "        vertical-align: middle;\n",
       "    }\n",
       "\n",
       "    .dataframe tbody tr th {\n",
       "        vertical-align: top;\n",
       "    }\n",
       "\n",
       "    .dataframe thead th {\n",
       "        text-align: right;\n",
       "    }\n",
       "</style>\n",
       "<table border=\"1\" class=\"dataframe\">\n",
       "  <thead>\n",
       "    <tr style=\"text-align: right;\">\n",
       "      <th></th>\n",
       "      <th>Y</th>\n",
       "      <th>X1</th>\n",
       "      <th>X2</th>\n",
       "      <th>X3</th>\n",
       "      <th>X4</th>\n",
       "      <th>X5</th>\n",
       "      <th>X6</th>\n",
       "    </tr>\n",
       "  </thead>\n",
       "  <tbody>\n",
       "    <tr>\n",
       "      <th>Y</th>\n",
       "      <td>1.000000</td>\n",
       "      <td>0.280160</td>\n",
       "      <td>-0.024274</td>\n",
       "      <td>0.150838</td>\n",
       "      <td>0.064415</td>\n",
       "      <td>0.224522</td>\n",
       "      <td>0.167669</td>\n",
       "    </tr>\n",
       "    <tr>\n",
       "      <th>X1</th>\n",
       "      <td>0.280160</td>\n",
       "      <td>1.000000</td>\n",
       "      <td>0.059797</td>\n",
       "      <td>0.283358</td>\n",
       "      <td>0.087541</td>\n",
       "      <td>0.432772</td>\n",
       "      <td>0.411873</td>\n",
       "    </tr>\n",
       "    <tr>\n",
       "      <th>X2</th>\n",
       "      <td>-0.024274</td>\n",
       "      <td>0.059797</td>\n",
       "      <td>1.000000</td>\n",
       "      <td>0.184129</td>\n",
       "      <td>0.114838</td>\n",
       "      <td>0.039996</td>\n",
       "      <td>-0.062205</td>\n",
       "    </tr>\n",
       "    <tr>\n",
       "      <th>X3</th>\n",
       "      <td>0.150838</td>\n",
       "      <td>0.283358</td>\n",
       "      <td>0.184129</td>\n",
       "      <td>1.000000</td>\n",
       "      <td>0.302618</td>\n",
       "      <td>0.358397</td>\n",
       "      <td>0.203750</td>\n",
       "    </tr>\n",
       "    <tr>\n",
       "      <th>X4</th>\n",
       "      <td>0.064415</td>\n",
       "      <td>0.087541</td>\n",
       "      <td>0.114838</td>\n",
       "      <td>0.302618</td>\n",
       "      <td>1.000000</td>\n",
       "      <td>0.293115</td>\n",
       "      <td>0.215888</td>\n",
       "    </tr>\n",
       "    <tr>\n",
       "      <th>X5</th>\n",
       "      <td>0.224522</td>\n",
       "      <td>0.432772</td>\n",
       "      <td>0.039996</td>\n",
       "      <td>0.358397</td>\n",
       "      <td>0.293115</td>\n",
       "      <td>1.000000</td>\n",
       "      <td>0.320195</td>\n",
       "    </tr>\n",
       "    <tr>\n",
       "      <th>X6</th>\n",
       "      <td>0.167669</td>\n",
       "      <td>0.411873</td>\n",
       "      <td>-0.062205</td>\n",
       "      <td>0.203750</td>\n",
       "      <td>0.215888</td>\n",
       "      <td>0.320195</td>\n",
       "      <td>1.000000</td>\n",
       "    </tr>\n",
       "  </tbody>\n",
       "</table>\n",
       "</div>"
      ],
      "text/plain": [
       "           Y        X1        X2        X3        X4        X5        X6\n",
       "Y   1.000000  0.280160 -0.024274  0.150838  0.064415  0.224522  0.167669\n",
       "X1  0.280160  1.000000  0.059797  0.283358  0.087541  0.432772  0.411873\n",
       "X2 -0.024274  0.059797  1.000000  0.184129  0.114838  0.039996 -0.062205\n",
       "X3  0.150838  0.283358  0.184129  1.000000  0.302618  0.358397  0.203750\n",
       "X4  0.064415  0.087541  0.114838  0.302618  1.000000  0.293115  0.215888\n",
       "X5  0.224522  0.432772  0.039996  0.358397  0.293115  1.000000  0.320195\n",
       "X6  0.167669  0.411873 -0.062205  0.203750  0.215888  0.320195  1.000000"
      ]
     },
     "execution_count": 6,
     "metadata": {},
     "output_type": "execute_result"
    }
   ],
   "source": [
    "df.corr()"
   ]
  },
  {
   "cell_type": "code",
   "execution_count": null,
   "metadata": {},
   "outputs": [],
   "source": []
  }
 ],
 "metadata": {
  "kernelspec": {
   "display_name": "Python 3",
   "language": "python",
   "name": "python3"
  },
  "language_info": {
   "codemirror_mode": {
    "name": "ipython",
    "version": 3
   },
   "file_extension": ".py",
   "mimetype": "text/x-python",
   "name": "python",
   "nbconvert_exporter": "python",
   "pygments_lexer": "ipython3",
   "version": "3.7.3"
  }
 },
 "nbformat": 4,
 "nbformat_minor": 2
}
